    L_COMPL            1.000    0.000      0.000    1.000    1.000
    L_ACTIV            1.000    0.000      0.000    1.000    1.000
    L_MIND             1.000    0.000      0.000    1.000    1.000
    L_TEST22           1.000    0.000      0.000    1.000    1.000
    L_TEST23           1.000    0.000      0.000    1.000    1.000
    L_TEST24           1.000    0.000      0.000    1.000    1.000
    L_ACTIV           -0.368    0.022    -16.605   -0.368   -0.368
    L_MIND            -0.464    0.018    -25.082   -0.464   -0.464
    L_TEST22          -0.635    0.028    -22.769   -0.635   -0.635
    L_TEST23           0.310    0.056      5.502    0.310    0.310
    L_TEST24           0.558    0.038     14.867    0.558    0.558
    L_MIND             0.420    0.021     20.019    0.420    0.420
    L_TEST22           0.352    0.046      7.612    0.352    0.352
    L_TEST23          -0.793    0.018    -44.702   -0.793   -0.793
    L_TEST24          -0.423    0.049     -8.699   -0.423   -0.423
    L_TEST22           0.461    0.041     11.311    0.461    0.461
    L_TEST23          -0.342    0.042     -8.115   -0.342   -0.342
    L_TEST24          -0.585    0.030    -19.493   -0.585   -0.585
    L_TEST23          -0.336    0.050     -6.669   -0.336   -0.336
    L_TEST24          -0.534    0.037    -14.235   -0.534   -0.534
    L_TEST24           0.463    0.051      9.021    0.463    0.463

    L_COMPL            0.000    0.000      0.000    0.000    0.000
    L_ACTIV            0.000    0.000      0.000    0.000    0.000
    L_MIND             0.000    0.000      0.000    0.000    0.000
    L_TEST22           0.000    0.000      0.000    0.000    0.000
    L_TEST23           0.000    0.000      0.000    0.000    0.000
    L_TEST24           0.000    0.000      0.000    0.000    0.000


    L_COMPL            1.060    0.064     16.613    1.000    1.000
    L_ACTIV            1.734    0.318      5.457    1.000    1.000
    L_MIND             1.186    0.121      9.804    1.000    1.000
    L_TEST22           1.162    0.144      8.067    1.000    1.000
    L_TEST23           0.978    0.133      7.352    1.000    1.000
    L_TEST24           1.283    0.374      3.429    1.000    1.000
    L_ACTIV           -0.591    0.069     -8.555   -0.436   -0.436
    L_MIND            -0.569    0.046    -12.451   -0.507   -0.507
    L_TEST22          -0.810    0.067    -12.016   -0.730   -0.730
    L_TEST23           0.461    0.051      9.005    0.452    0.452
    L_TEST24           0.629    0.103      6.127    0.539    0.539
    L_MIND             0.677    0.083      8.203    0.472    0.472
    L_TEST22           0.672    0.092      7.309    0.473    0.473
    L_TEST23          -1.040    0.128     -8.109   -0.799   -0.799
    L_TEST24          -0.803    0.151     -5.335   -0.538   -0.538
    L_TEST22           0.608    0.063      9.622    0.518    0.518
    L_TEST23          -0.509    0.058     -8.806   -0.473   -0.473
    L_TEST24          -0.867    0.138     -6.282   -0.703   -0.703
    L_TEST23          -0.569    0.070     -8.122   -0.534   -0.534
    L_TEST24          -0.726    0.132     -5.505   -0.595   -0.595
    L_TEST24           0.725    0.129      5.629    0.648    0.648

    L_COMPL           -0.023    0.038     -0.601   -0.022   -0.022
    L_ACTIV            0.778    0.057     13.536    0.590    0.590
    L_MIND             0.432    0.044      9.742    0.397    0.397
    L_TEST22          -0.009    0.077     -0.124   -0.009   -0.009
    L_TEST23          -0.585    0.079     -7.434   -0.591   -0.591
    L_TEST24           0.034    0.149      0.226    0.030    0.030