    L_COMPL            1.000    0.000      0.000    1.000    1.000
    L_ACTIV            1.000    0.000      0.000    1.000    1.000
    L_MIND             1.000    0.000      0.000    1.000    1.000
    L_TEST4            1.000    0.000      0.000    1.000    1.000
    L_TEST5            1.000    0.000      0.000    1.000    1.000
    L_TEST6            1.000    0.000      0.000    1.000    1.000
    L_ACTIV           -0.369    0.022    -16.646   -0.369   -0.369
    L_MIND            -0.463    0.019    -24.995   -0.463   -0.463
    L_TEST4            0.570    0.031     18.299    0.570    0.570
    L_TEST5           -0.318    0.056     -5.737   -0.318   -0.318
    L_TEST6           -0.358    0.045     -7.982   -0.358   -0.358
    L_MIND             0.420    0.021     19.973    0.420    0.420
    L_TEST4           -0.362    0.051     -7.113   -0.362   -0.362
    L_TEST5            0.828    0.018     45.327    0.828    0.828
    L_TEST6            0.437    0.046      9.566    0.437    0.437
    L_TEST4           -0.462    0.043    -10.726   -0.462   -0.462
    L_TEST5            0.362    0.047      7.762    0.362    0.362
    L_TEST6            0.695    0.025     27.314    0.695    0.695
    L_TEST5           -0.393    0.046     -8.484   -0.393   -0.393
    L_TEST6           -0.493    0.039    -12.743   -0.493   -0.493
    L_TEST6            0.429    0.044      9.790    0.429    0.429

    L_COMPL            0.000    0.000      0.000    0.000    0.000
    L_ACTIV            0.000    0.000      0.000    0.000    0.000
    L_MIND             0.000    0.000      0.000    0.000    0.000
    L_TEST4            0.000    0.000      0.000    0.000    0.000
    L_TEST5            0.000    0.000      0.000    0.000    0.000
    L_TEST6            0.000    0.000      0.000    0.000    0.000


    L_COMPL            1.134    0.084     13.452    1.000    1.000
    L_ACTIV            1.726    0.315      5.472    1.000    1.000
    L_MIND             1.202    0.123      9.782    1.000    1.000
    L_TEST4            0.874    0.103      8.498    1.000    1.000
    L_TEST5            0.851    0.110      7.755    1.000    1.000
    L_TEST6            1.250    0.142      8.810    1.000    1.000
    L_ACTIV           -0.610    0.073     -8.370   -0.436   -0.436
    L_MIND            -0.593    0.049    -12.023   -0.508   -0.508
    L_TEST4            0.657    0.057     11.622    0.660    0.660
    L_TEST5           -0.437    0.048     -9.170   -0.445   -0.445
    L_TEST6           -0.615    0.059    -10.493   -0.517   -0.517
    L_MIND             0.682    0.083      8.212    0.473    0.473
    L_TEST4           -0.551    0.076     -7.258   -0.449   -0.449
    L_TEST5            0.893    0.110      8.085    0.737    0.737
    L_TEST6            0.745    0.096      7.765    0.507    0.507
    L_TEST4           -0.521    0.054     -9.634   -0.508   -0.508
    L_TEST5            0.469    0.052      8.961    0.464    0.464
    L_TEST6            0.827    0.075     11.073    0.675    0.675
    L_TEST5           -0.442    0.053     -8.315   -0.512   -0.512
    L_TEST6           -0.583    0.067     -8.715   -0.558   -0.558
    L_TEST6            0.578    0.070      8.223    0.560    0.560

    L_COMPL           -0.040    0.041     -0.981   -0.037   -0.037
    L_ACTIV            0.775    0.058     13.465    0.590    0.590
    L_MIND             0.429    0.045      9.637    0.391    0.391
    L_TEST4            0.036    0.070      0.512    0.038    0.038
    L_TEST5            0.469    0.071      6.600    0.508    0.508
    L_TEST6            0.153    0.078      1.964    0.137    0.137