 D 	X 	C 	P
  1  1 1        0.7193
  2  1 1        0.0897
  3  1 1        0.0384
  4  1 1        0.0585
  5  1 1        0.0942
  1  1 2        0.7193
  2  1 2        0.0897
  3  1 2        0.0384
  4  1 2        0.0585
  5  1 2        0.0942
  1  1 3        0.7193
  2  1 3        0.0897
  3  1 3        0.0384
  4  1 3        0.0585
  5  1 3        0.0942
  1  2 1        0.3474
  2  2 1        0.4701
  3  2 1        0.0410
  4  2 1        0.1079
  5  2 1        0.0335
  1  2 2        0.3474
  2  2 2        0.4701
  3  2 2        0.0410
  4  2 2        0.1079
  5  2 2        0.0335
  1  2 3        0.3474
  2  2 3        0.4701
  3  2 3        0.0410
  4  2 3        0.1079
  5  2 3        0.0335
  1  3 1        0.0384
  2  3 1        0.6257
  3  3 1        0.3093
  4  3 1        0.0266
  5  3 1        0.0000 
  1  3 2        0.0384
  2  3 2        0.6257
  3  3 2        0.3093
  4  3 2        0.0266
  5  3 2        0.0000 
  1  3 3        0.0384
  2  3 3        0.6257
  3  3 3        0.3093
  4  3 3        0.0266
  5  3 3        0.0000               