"CH.1" "CH.2" "CH.3" "CH.4" "CH.5" "CH.6" "CZ.1" "CZ.2" "CZ.3" "CZ.4" "CZ.5" "CZ.6" "DE.1" "DE.2" "DE.3" "DE.4" "DE.5" "DE.6" "EE.1" "EE.2" "EE.3" "EE.4" "EE.5" "EE.6" "GR.1" "GR.2" "GR.3" "GR.4" "GR.5" "GR.6" "SI.1" "SI.2" "SI.3" "SI.4" "SI.5" "SI.6"
"1" 1 0 0 1 0 0 1 0 0 1 0 0 1 0 0 1 0 0 1 0 0 1 0 0 1 0 0 1 0 0 1 0 0 1 0 0
"2" 0 1 0 1 0 0 0 1 0 1 0 0 0 1 0 1 0 0 0 1 0 1 0 0 0 1 0 1 0 0 0 1 0 1 0 0
"3" 0 0 1 1 0 0 0 0 1 1 0 0 0 0 1 1 0 0 0 0 1 1 0 0 0 0 1 1 0 0 0 0 1 1 0 0
"4" -0.684 0 0 0 1 0 -0.434 0 0 0 1 0 -0.702 0 0 0 1 0 -0.6 0 0 0 1 0 -0.733 0 0 0 1 0 -0.41 0 0 0 1 0
"5" 0 -1.928 0 0 1 0 0 -1.598 0 0 1 0 0 -1.524 0 0 1 0 0 -1.349 0 0 1 0 0 -1.048 0 0 1 0 0 -2.375 0 0 1 0
"6" 0 0 -0.871 0 1 0 0 0 -0.462 0 1 0 0 0 -0.722 0 1 0 0 0 -0.697 0 1 0 0 0 -0.58 0 1 0 0 0 -0.402 0 1 0
"7" 1.177 0 0 0 0 1 1.207 0 0 0 0 1 1.182 0 0 0 0 1 1.139 0 0 0 0 1 1.124 0 0 0 0 1 1.191 0 0 0 0 1
"8" 0 2.053 0 0 0 1 0 1.288 0 0 0 1 0 1.646 0 0 0 1 0 1.348 0 0 0 1 0 1.308 0 0 0 1 0 2.121 0 0 0 1
"9" 0 0 1.303 0 0 1 0 0 1.086 0 0 1 0 0 1.245 0 0 1 0 0 1.089 0 0 1 0 0 1.072 0 0 1 0 0 1.193 0 0 1
