  T X C		P
  1 1 1        0.2245
  2 1 1        0.3448
  3 1 1        0.0662
  4 1 1        0.1947
  5 1 1        0.1404
  6 1 1        0.0295
  1 2 1        0.2263
  2 2 1        0.5090
  3 2 1        0.0130
  4 2 1        0.2513
  5 2 1        0.0000 *
  6 2 1        0.0004
  1 3 1        0.0411
  2 3 1        0.2079
  3 3 1        0.2678
  4 3 1        0.1013
  5 3 1        0.0000
  6 3 1        0.3820
  1 4 1        0.1342
  2 4 1        0.6014
  3 4 1        0.1627
  4 4 1        0.1016
  5 4 1        0.0000
  6 4 1        0.0000
  1 5 1        0.1706
  2 5 1        0.4244
  3 5 1        0.2275
  4 5 1        0.1776
  5 5 1        0.0000
  6 5 1        0.0000
  1 6 1        0.0649
  2 6 1        0.5210
  3 6 1        0.3625
  4 6 1        0.0515
  5 6 1        0.0000
  6 6 1        0.0001