param		       mi	 epc	     stdEPC	 stdXYEPC
  WORK$1                    9.250    -0.077     -0.077       -0.077
  WORK$2                    1.746     0.032      0.032        0.032
  WORK$3                    3.285     0.055      0.055        0.055
  WORK$4                   14.195    -0.192     -0.192       -0.192
  MENFST$1                  0.160    -0.004     -0.004       -0.004
  MENFST$2                  0.704     0.022      0.022        0.022
  MENFST$3                  2.103    -0.045     -0.045       -0.045
  MENFST$4                  1.584     0.172      0.172        0.172
  MENJB$1                   9.099     0.113      0.113        0.113
  MENJB$2                   8.776    -0.080     -0.080       -0.080
  MENJB$3                   0.870     0.023      0.023        0.023
  MENJB$4                   0.852     0.019      0.019        0.019
  TEST8$1                   0.217    -0.032     -0.032       -0.032
  TEST8$2                  19.174     0.088      0.088        0.088
  TEST8$3                  38.075    -0.135     -0.135       -0.135
  TEST8$4                  29.020     0.325      0.325        0.325
  TEST9$1                   2.508     0.061      0.061        0.061
  TEST9$2                  12.609    -0.080     -0.080       -0.080
  TEST9$3                  10.983     0.076      0.076        0.076
  TEST9$4                   2.697    -0.038     -0.038       -0.038
  TEST10$1                  7.392    -0.038     -0.038       -0.038
  TEST10$2                 15.443     0.088      0.088        0.088
  TEST10$3                 16.505    -0.058     -0.058       -0.058
  TEST10$4                  2.413     0.128      0.128        0.128

  WORK$1                    4.758    -0.147     -0.147       -0.121
  WORK$2                    0.041     0.005      0.005        0.004
  WORK$3                    7.386     0.079      0.079        0.065
  WORK$4                   14.019    -0.224     -0.224       -0.184
  MENFST$1                  5.478     0.235      0.235        0.190
  MENFST$2                  4.783    -0.076     -0.076       -0.062
  MENFST$3                  1.047     0.048      0.048        0.039
  MENFST$4                  1.512     0.098      0.098        0.079
  MENJB$1                   8.358     0.158      0.158        0.128
  MENJB$2                  34.925    -0.150     -0.150       -0.121
  MENJB$3                  32.488     0.141      0.141        0.114
  MENJB$4                   6.897    -0.138     -0.138       -0.112
  TEST8$1                   0.336    -0.059     -0.059       -0.045
  TEST8$2                   3.126    -0.083     -0.083       -0.064
  TEST8$3                  12.653     0.179      0.179        0.138
  TEST8$4                   9.820    -0.342     -0.342       -0.264
  TEST9$1                  13.708    -0.347     -0.347       -0.296
  TEST9$2                   0.088    -0.012     -0.012       -0.010
  TEST9$3                  16.821     0.149      0.149        0.127
  TEST9$4                  29.154    -0.507     -0.507       -0.432
  TEST10$1                  7.279     0.245      0.245        0.233
  TEST10$2                  7.607    -0.096     -0.096       -0.091
  TEST10$3                  2.424     0.076      0.076        0.072
  TEST10$4                  0.869     0.095      0.095        0.090

  WORK$1                   17.988     0.278      0.278        0.227
  WORK$2                    4.648    -0.055     -0.055       -0.045
  WORK$3                    3.688    -0.051     -0.051       -0.042
  WORK$4                   20.761     0.258      0.258        0.211
  MENFST$1                  8.090     0.261      0.261        0.258
  MENFST$2                 10.568    -0.097     -0.097       -0.096
  MENFST$3                  8.203     0.116      0.116        0.115
  MENFST$4                  0.020    -0.009     -0.009       -0.009
  MENJB$1                  24.086    -0.264     -0.264       -0.230
  MENJB$2                  15.593     0.088      0.088        0.077
  MENJB$3                   0.077    -0.006     -0.006       -0.005
  MENJB$4                   7.400    -0.141     -0.141       -0.123
  TEST8$1                   1.193     0.117      0.117        0.101
  TEST8$2                   7.451    -0.129     -0.129       -0.112
  TEST8$3                   9.124     0.139      0.139        0.120
  TEST8$4                   2.913    -0.181     -0.181       -0.157
  TEST9$1                   0.591     0.070      0.070        0.077
  TEST9$2                   8.847     0.105      0.105        0.115
  TEST9$3                  23.845    -0.160     -0.160       -0.175
  TEST9$4                  20.012     0.416      0.416        0.457
  TEST10$1                 17.748     0.383      0.383        0.431
  TEST10$2                 15.535    -0.127     -0.127       -0.143
  TEST10$3                  3.903     0.091      0.091        0.102
  TEST10$4                  2.964     0.176      0.176        0.198

  WORK$1                    0.013    -0.008     -0.008       -0.008
  WORK$2                    1.305     0.032      0.032        0.032
  WORK$3                    3.741    -0.056     -0.056       -0.055
  WORK$4                    2.643     0.109      0.109        0.107
  MENFST$1                 30.628    -0.603     -0.603       -0.669
  MENFST$2                 28.596     0.202      0.202        0.224
  MENFST$3                 10.592    -0.165     -0.165       -0.183
  MENFST$4                  4.654    -0.224     -0.224       -0.248
  MENJB$1                   0.031     0.012      0.012        0.012
  MENJB$2                  14.135     0.102      0.102        0.104
  MENJB$3                  33.621    -0.134     -0.134       -0.135
  MENJB$4                  25.572     0.290      0.290        0.293
  TEST8$1                   0.015    -0.016     -0.016       -0.016
  TEST8$2                   0.156     0.019      0.019        0.019
  TEST8$3                   0.254    -0.027     -0.027       -0.027
  TEST8$4                   0.119     0.051      0.051        0.051
  TEST9$1                   2.461     0.177      0.177        0.181
  TEST9$2                   0.292     0.024      0.024        0.024
  TEST9$3                   4.868    -0.089     -0.089       -0.092
  TEST9$4                   7.807     0.314      0.314        0.321
  TEST10$1                 26.297    -0.563     -0.563       -0.589
  TEST10$2                 10.628     0.138      0.138        0.145
  TEST10$3                  0.301     0.029      0.029        0.030
  TEST10$4                 19.659    -0.520     -0.520       -0.545
