CNTRY	param	mi	stuffs epc stdXYEPC 
4  E6E5     151.119          .000      .336     1.536
4  V4F5     151.119          .000    -8.050   -36.629
3  V4F5     139.903          .000    -2.716    -6.912
3  E6E5     139.903          .000      .401      .785
4  V1F4     132.217          .000    -2.021    -8.368
4  E3E2     128.233          .000      .195      .855
4  E5E3     125.707          .000      .200      .999
4  E6E2     106.095          .000      .205      .820
2  V4F5      67.106          .000   -14.633  -101.288
2  E6E5      67.106          .000      .301     1.028
3  E3E2      67.055          .000      .286     1.237
4  E5E1      62.844          .000     -.137     -.573
2  V1F4      62.284          .000    -2.810   -10.610
2  E6E1      55.916          .002     -.188     -.394
4  V6F5      55.604          .002     4.121    19.774
4  E5E4      55.604          .002     -.172     -.736
4  E4E2      50.502          .008     -.163     -.611
2  E6E2      47.843          .015      .188      .680
4  E2E1      47.563          .016     -.111     -.407
3  E6E2      46.065          .023     -.191     -.534
2  E3E2      41.184          .066      .156      .542
3  E5E3      40.012          .084     -.161     -.487
3  E6E4      37.882          .125     -.205     -.342
3  V5F5      37.882          .125     1.385     3.476
3  V6F5      30.984          .366     1.283     3.351
3  E5E4      30.984          .366     -.190     -.289
2  E6E4      29.500          .439     -.159     -.570
2  V5F5      29.500          .439     7.751    53.672
1  E6E5      28.075          .514      .182      .416
1  V4F5      28.075          .514     -.904    -1.945
2  E3E1      26.681          .589     -.132     -.266
1  E6E2      25.565          .649     -.199     -.595
1  E5E3      25.547          .650     -.155     -.563
2  E5E3      25.226          .666      .124      .406
4  E3E1      23.690          .744     -.072     -.322
3  E4E2      22.353          .805      .144      .314
1  V6F5      22.071          .817      .774     1.745
1  E5E4      22.071          .817     -.156     -.285
4  V3F4      20.880          .863      .736     2.807
1  E3E2      19.449          .909      .181      .861
2  E4E3      18.911          .924     -.117     -.403
4  E6E1      16.378          .971     -.069     -.279
4  E4E3      16.172          .974     -.081     -.367
2  F5F4      15.004          .985     -.113    -3.030
2  F4F1      14.493          .989      .062      .678
3  E4E3      13.792          .992      .098      .253
1  E4E2      11.647          .998      .119      .283
2  E2E1      11.535          .998     -.090     -.182
1  F5F4      11.435          .999     -.059     -.503
3  V3F4      11.085          .999      .691     2.625
3  V1F4      10.697          .999     -.923    -4.059
1  F5F1      10.536          .999     -.079     -.501
4  V2F4      10.332          .999      .525     1.742
2  F5F1       9.776         1.000      .069     1.377
3  V2F4       8.789         1.000      .680     2.259
4  E6E4       8.167         1.000     -.065     -.268
4  V5F5       8.167         1.000     1.547     7.280
2  V2F4       7.890         1.000      .868     3.302
1  V3F4       7.108         1.000      .998     3.850
4  F5F4       5.441         1.000     -.050     -.839
1  F5F3       5.225         1.000     -.057     -.148
2  E5E1       5.189         1.000     -.063     -.121
2  F4F3       5.015         1.000      .047      .226
2  E4E2       4.992         1.000     -.076     -.262
3  E5E1       4.553         1.000      .055      .167
3  E2E1       4.474         1.000     -.053     -.230
3  F5F1       4.178         1.000     -.044     -.204
3  F5F4       3.623         1.000     -.025     -.218
4  E6E3       3.287         1.000     -.107     -.518
3  E6E3       3.287         1.000     -.075     -.248
3  V1F1       2.850         1.000      .187      .427
4  V1F1       2.850         1.000     -.187     -.402
1  V2F4       2.626         1.000      .581     2.286
4  E5E2       2.565         1.000     -.110     -.455
3  E5E2       2.565         1.000     -.074     -.188
1  E5E2       2.504         1.000      .078      .276
2  E5E2       2.504         1.000      .100      .330
1  V2F2       2.380         1.000      .094      .117
2  V2F2       2.380         1.000     -.094     -.113
1  E4E1       2.273         1.000     -.066     -.082
2  E4E1       2.273         1.000     -.215     -.430
2  V3F4       1.818         1.000      .434     1.685
3  F4F1       1.793         1.000      .028      .167
1  V1F4       1.792         1.000     -.648    -2.498
4  F5F1       1.665         1.000      .040      .341
2  V6F5       1.584         1.000     2.030    14.154
2  E5E4       1.584         1.000     -.042     -.136
4  F4F1       1.583         1.000      .025      .150
1  E2E1       1.536         1.000     -.038     -.092
1  E5E1       1.463         1.000      .039      .070
2  F5F2       1.259         1.000      .043      .361
3  E3E1       1.115         1.000     -.023     -.118
4  F4F2       1.096         1.000      .016      .067
4  F5F2       1.089         1.000      .023      .138
3  E4E1        .750         1.000      .042      .109
4  E4E1        .750         1.000      .108      .410
2  V3F3        .714         1.000      .079      .100
1  V3F3        .714         1.000     -.079     -.092
1  E6E1        .555         1.000     -.023     -.036
3  F4F3        .440         1.000     -.012     -.058
3  E6E1        .378         1.000      .015      .050
3  V2F2        .347         1.000     -.038     -.044
4  V2F2        .347         1.000      .038      .044
1  E6E4        .187         1.000     -.015     -.023
1  V5F5        .187         1.000      .073      .164
4  V3F3        .172         1.000      .027      .042
3  V3F3        .172         1.000     -.027     -.041
1  F4F3        .159         1.000      .011      .048
1  F5F2        .141         1.000      .012      .033
4  F4F3        .137         1.000      .005      .024
1  E4E3        .126         1.000     -.011     -.027
3  F5F2        .095         1.000      .007      .022
3  F5F3        .067         1.000     -.005     -.019
2  F4F2        .066         1.000     -.006     -.028
1  F4F2        .043         1.000     -.006     -.028
4  F5F3        .014         1.000      .002      .015
1  V1F1        .007         1.000      .019      .055
2  V1F1        .007         1.000     -.019     -.054
3  F4F2        .005         1.000      .001      .006
1  F4F1        .005         1.000     -.002     -.017
2  F5F3        .004         1.000      .002      .015
1  E3E1        .001         1.000     -.001     -.003