523-  4 | 5 2        0.1923
524-  5 | 5 2        0.8077
525-  6 | 5 2        0.0000
526-  1 | 5 3        0.0000 *
527-  2 | 5 3        0.0000
528-  3 | 5 3        0.0000 *
529-  4 | 5 3        0.1923
530-  5 | 5 3        0.8077
531-  6 | 5 3        0.0000
532-  1 | 6 1        0.0000 *
533-  2 | 6 1        0.0423
534-  3 | 6 1        0.0662
535-  4 | 6 1        0.1464
536-  5 | 6 1        0.0637
537-  6 | 6 1        0.6813
538-  1 | 6 2        0.0000 *
539-  2 | 6 2        0.0423
540-  3 | 6 2        0.0662
541-  4 | 6 2        0.1464
542-  5 | 6 2        0.0637
543-  6 | 6 2        0.6813
544-  1 | 6 3        0.0000 *
545-  2 | 6 3        0.0423
546-  3 | 6 3        0.0662
547-  4 | 6 3        0.1464
548-  5 | 6 3        0.0637
549-  6 | 6 3        0.6813
550-
551-
552-
553:*** LATENT CLASS OUTPUT ***
554-
555-          X  1    X  2    X  3    X  4    X  5    X  6
556-         0.1498  0.1053  0.2272  0.4407  0.0346  0.0425
557-  C  1   0.5068  0.2505  0.4053  0.4620  0.1642  0.1523
558-  C  2   0.2744  0.3820  0.4380  0.2550  0.5283  0.6410
559-  C  3   0.2189  0.3675  0.1567  0.2830  0.3075  0.2067
560-  A  1   0.0002  0.2648  0.0179  0.0000  0.0000  0.0118
561-  A  2   0.6783  0.0746  0.3002  0.1826  0.0000  0.0000
562-  A  3   0.1709  0.0632  0.5451  0.1169  0.0000  0.1699
563-  A  4   0.1084  0.3390  0.1246  0.7005  0.0001  0.0391
564-  A  5   0.0000  0.2584  0.0121  0.0000  0.9999  0.0000
565-  A  6   0.0423  0.0000  0.0000  0.0000  0.0000  0.7792
566-  D  1   0.3875  0.4112  0.0000  0.0000  0.0000  0.0000
567-  D  2   0.4993  0.1313  0.3226  0.1108  0.0000  0.0423
568-  D  3   0.0000  0.0000  0.5033  0.0527  0.0000  0.0662
569-  D  4   0.0480  0.1700  0.1419  0.6357  0.1923  0.1464
570-  D  5   0.0000  0.2805  0.0000  0.1878  0.8077  0.0637
571-  D  6   0.0652  0.0070  0.0321  0.0129  0.0000  0.6813
572-
573-E = 0.1982, lambda = 0.6456
