CNTRY param       mi       p  p2        epc         stdXYEPC
  2  V5F5      79.097      .000      .000    -1.979    -3.373
  2  V2F4      74.659      .000      .000    -1.735    -3.827
  2  V2F5      66.391      .000      .000    -1.201    -2.184
  3  F5F2      55.481      .000      .000      .285     1.499
  2  V5F4      55.077      .000      .000    -1.725    -3.564
  3  V3F4      49.714      .000      .000     5.094    20.278
  3  V5F4      45.859      .000      .000    -6.589   -33.235
  3  V2F4      41.962      .000      .000    -8.000   -50.484
  3  F5F4      37.985      .000      .000      .275     4.139
  3  V5F3      37.710      .000      .000     8.326     7.351
  3  V2F1      37.710      .000      .000     -.216     -.257
  3  V5F1      37.710      .000      .000     -.292     -.278
  3  V2F3      37.710      .000      .000     6.160     6.805
  3  F4F2      34.637      .000      .001      .314     2.902
  3  F4F3      27.202      .000      .012      .250     1.160
  3  V6F4      23.735      .000      .034     2.212    12.620
  3  V6F2      20.895      .000      .075      .872     1.733
  3  V3F2      20.895      .000      .075     1.654     2.295
  3  V6F1      20.895      .000      .075      .203      .218
  3  V3F1      20.895      .000      .075      .384      .289
  3  V5F5      19.629      .000      .105    -1.065    -3.050
  3  F4F1      19.357      .000      .112     -.130     -.653
  3  F5F3      18.810      .000      .129      .217      .574
  3  V1F4      16.864      .000      .206    -3.736   -18.148
  3  V3F5      15.615      .000      .271     1.085     2.452
  2  V1F4      13.861      .000      .384      .592     1.287
  4  V4F4      13.278      .000      .427     -.725    -1.759
  2  V6F5      11.981      .001      .529      .528      .717
  2  V6F4       9.166      .002      .760      .376      .620
  4  F5F2       8.348      .004      .820     -.220    -2.540
  2  V1F5       8.104      .004      .837      .213      .382
  4  F4F2       7.775      .005      .858     -.498    -2.428
  4  F5F3       7.495      .006      .875     -.158     -.736
  2  V4F5       7.324      .007      .885      .424      .516
  2  V3F4       6.984      .008      .903      .356      .594
  4  V4F3       6.656      .010      .919     -.218     -.190
  4  V4F2       6.656      .010      .919      .983     2.125
  4  V1F3       6.656      .010      .919     -.521     -.496
  4  V1F2       6.656      .010      .919     2.352     5.557
  3  V4F5       6.131      .013      .941      .595     1.530
  4  F4F3       5.340      .021      .967     -.171     -.336
  4  V5F4       4.945      .026      .976     1.243     2.387
  4  V3F5       4.594      .032      .983    -3.159   -12.667
  2  V3F5       4.554      .033      .984      .259      .356
  3  V6F5       4.110      .043      .990      .506     1.638
  4  V4F5       3.995      .046      .991    -3.990   -22.971
  4  F5F4       3.591      .058      .995     -.124    -1.609
  4  F4F1       3.477      .062      .996      .100      .339
  4  V6F4       3.413      .065      .996      .377      .832
  1  V2F5       3.210      .073      .997     -.588    -1.746
  4  V2F4       2.924      .087      .998     1.031     2.702
  1  F4F1       2.900      .089      .998      .057      .206
  1  V1F4       2.865      .091      .998      .466     1.315
  4  F5F1       2.731      .098      .999      .089      .713
  1  F5F1       2.545      .111      .999      .064      .248
  1  V1F5       2.427      .119      .999      .390     1.170
  1  V5F5       2.318      .128      .999     -.611    -1.820
  4  V5F5       2.194      .139     1.000     2.690    12.257
  4  V5F3       2.127      .145     1.000     -.224     -.154
  4  V2F1       2.127      .145     1.000      .224      .363
  4  V5F1       2.127      .145     1.000      .320      .381
  4  V2F3       2.127      .145     1.000     -.156     -.147
  1  F4F3       1.836      .175     1.000     -.054     -.193
  1  V5F3       1.684      .194     1.000     -.402     -.513
  1  V2F3       1.684      .194     1.000     -.276     -.350
  1  V2F1       1.684      .194     1.000      .118      .152
  1  V5F1       1.684      .194     1.000      .172      .223
  1  V2F4       1.678      .195     1.000     -.436    -1.216
  2  V4F4       1.673      .196     1.000      .214      .315
  2  V2F1       1.264      .261     1.000     -.335     -.554
  2  V2F3       1.264      .261     1.000      .084      .049
  2  V5F3       1.264      .261     1.000      .119      .065
  2  V5F1       1.264      .261     1.000     -.479     -.742
  1  V5F4       1.247      .264     1.000     -.423    -1.184
  1  F5F3       1.229      .268     1.000     -.043     -.164
  2  F4F1       1.124      .289     1.000     -.037     -.122
  2  F4F2       1.116      .291     1.000     -.102     -.454
  3  F5F1       1.022      .312     1.000     -.032     -.090
  3  V4F3        .957      .328     1.000     1.171      .928
  3  V1F3        .957      .328     1.000     1.562     1.329
  3  V4F2        .957      .328     1.000      .176      .278
  3  V1F2        .957      .328     1.000      .236      .399
  2  F5F2        .896      .344     1.000     -.170     -.625
  1  V4F5        .877      .349     1.000      .349     1.040
  2  F5F1        .844      .358     1.000     -.043     -.116
  1  F5F4        .803      .370     1.000     -.076     -.636
  3  V4F4        .774      .379     1.000      .538     2.434
  4  V1F5        .614      .433     1.000     1.055     6.637
  3  V1F5        .513      .474     1.000      .130      .358
  2  V1F2        .449      .503     1.000      .208      .462
  2  V4F2        .449      .503     1.000      .333      .502
  2  V4F3        .449      .503     1.000     -.100     -.039
  2  V1F3        .449      .503     1.000     -.062     -.036
  1  V6F1        .382      .536     1.000      .069      .089
  1  V3F1        .382      .536     1.000      .070      .091
  1  V3F2        .382      .536     1.000    -1.002    -1.763
  1  V6F2        .382      .536     1.000     -.980    -1.734
  1  V3F4        .381      .537     1.000     -.166     -.463
  1  V6F4        .353      .553     1.000      .169      .475
  2  F5F3        .307      .580     1.000      .060      .057
  3  V2F5        .261      .610     1.000     -.119     -.428
  4  V3F1        .237      .626     1.000      .170      .178
  4  V6F1        .237      .626     1.000      .078      .107
  4  V6F2        .237      .626     1.000     -.248     -.486
  4  V3F2        .237      .626     1.000     -.536     -.808
  2  F4F3        .235      .628     1.000      .035      .040
  1  V6F5        .227      .634     1.000      .178      .531
  4  V1F4        .219      .640     1.000     -.168     -.445
  1  F4F2        .213      .645     1.000      .060      .299
  1  V1F2        .192      .661     1.000      .748     1.330
  1  V1F3        .192      .661     1.000     -.123     -.158
  1  V4F3        .192      .661     1.000     -.086     -.110
  1  V4F2        .192      .661     1.000      .525      .928
  1  V3F5        .191      .662     1.000     -.098     -.290
  4  V3F4        .182      .670     1.000     -.119     -.201
  4  V6F5        .133      .716     1.000      .716     3.741
  2  V3F2        .068      .794     1.000     -.127     -.217
  2  V6F2        .068      .794     1.000     -.120     -.203
  2  V6F1        .068      .794     1.000      .145      .179
  2  V3F1        .068      .794     1.000      .153      .191
  4  V2F5        .011      .918     1.000     -.155     -.965
  1  V4F4        .009      .924     1.000     -.019     -.053
  2  F5F4        .004      .947     1.000      .004      .014
  1  F5F2        .004      .950     1.000      .006      .031
  4  V2F2        .000     1.000     1.000      .000      .000
  4  V3F3        .000     1.000     1.000      .000      .000
  4  V1F1        .000     1.000     1.000      .000      .000
  3  V1F1        .000     1.000     1.000      .000      .000
  1  V2F2        .000     1.000     1.000      .000      .000
  3  V3F3        .000     1.000     1.000      .000      .000
  1  V1F1        .000     1.000     1.000      .000      .000
  1  V3F3        .000     1.000     1.000      .000      .000
  3  V2F2        .000     1.000     1.000      .000      .000
