
    L_VARIE            1.000    0.000      0.000    1.000    1.000
    L_SECUR            1.000    0.000      0.000    1.000    1.000
    L_HEALT            1.000    0.000      0.000    1.000    1.000
    L_TEST19           1.000    0.000      0.000    1.000    1.000
    L_TEST20           1.000    0.000      0.000    1.000    1.000
    L_TEST21           1.000    0.000      0.000    1.000    1.000
    L_SECUR            0.209    0.042      4.939    0.209    0.209
    L_HEALT            0.045    0.045      1.000    0.045    0.045
    L_TEST19           0.742    0.029     25.782    0.742    0.742
    L_TEST20           0.157    0.073      2.137    0.157    0.157
    L_TEST21          -0.090    0.077     -1.168   -0.090   -0.090
    L_HEALT            0.124    0.045      2.756    0.124    0.124
    L_TEST19           0.132    0.074      1.781    0.132    0.132
    L_TEST20           0.769    0.026     30.096    0.769    0.769
    L_TEST21          -0.026    0.076     -0.341   -0.026   -0.026

    L_TEST19           0.079    0.076      1.041    0.079    0.079
    L_TEST20           0.024    0.075      0.317    0.024    0.024
    L_TEST21           0.809    0.022     36.945    0.809    0.809

    L_TEST20           0.122    0.066      1.863    0.122    0.122
    L_TEST21           0.010    0.066      0.158    0.010    0.010

    L_TEST21           0.022    0.069      0.312    0.022    0.022

    L_VARIE            0.000    0.000      0.000    0.000    0.000
    L_SECUR            0.000    0.000      0.000    0.000    0.000
    L_HEALT            0.000    0.000      0.000    0.000    0.000
    L_TEST19           0.000    0.000      0.000    0.000    0.000
    L_TEST20           0.000    0.000      0.000    0.000    0.000
    L_TEST21           0.000    0.000      0.000    0.000    0.000



    
    
    L_VARIE            0.580    0.071      8.116    1.000    1.000
    L_SECUR            0.477    0.072      6.609    1.000    1.000
    L_HEALT            0.218    0.060      3.616    1.000    1.000
    L_TEST19           0.421    0.074      5.701    1.000    1.000
    L_TEST20           0.461    0.079      5.817    1.000    1.000
    L_TEST21           0.631    0.123      5.147    1.000    1.000
    L_SECUR            0.047    0.023      2.001    0.089    0.089
    L_HEALT            0.024    0.017      1.428    0.068    0.068
    L_TEST19           0.363    0.051      7.162    0.735    0.735
    L_TEST20           0.097    0.043      2.254    0.187    0.187
    L_TEST21           0.068    0.050      1.369    0.113    0.113
    L_HEALT           -0.035    0.015     -2.287   -0.109   -0.109
    L_TEST19           0.012    0.034      0.346    0.027    0.027
    L_TEST20           0.235    0.041      5.699    0.501    0.501
    L_TEST21          -0.024    0.043     -0.550   -0.043   -0.043
    L_TEST19           0.019    0.025      0.754    0.061    0.061
    L_TEST20          -0.022    0.026     -0.828   -0.068   -0.068
    L_TEST21           0.251    0.049      5.115    0.677    0.677
    L_TEST20           0.071    0.033      2.131    0.161    0.161
    L_TEST21           0.091    0.036      2.527    0.177    0.177
    L_TEST21           0.028    0.041      0.683    0.052    0.052

    L_VARIE           -0.104    0.055     -1.882   -0.137   -0.137
    L_SECUR           -0.345    0.054     -6.437   -0.500   -0.500
    L_HEALT            0.583    0.078      7.478    1.249    1.249
    L_TEST19          -0.375    0.081     -4.641   -0.578   -0.578
    L_TEST20          -0.516    0.084     -6.172   -0.760   -0.760
    L_TEST21           0.323    0.089      3.640    0.407    0.407




