    L_VARIE            1.000    0.000      0.000    1.000    1.000
    L_SECUR            1.000    0.000      0.000    1.000    1.000
    L_HEALT            1.000    0.000      0.000    1.000    1.000
    L_TEST32           4.428    0.371     11.921    1.000    1.000
    L_TEST33           5.524    0.491     11.254    1.000    1.000
    L_TEST34           8.544    1.133      7.539    1.000    1.000
    L_SECUR            0.214    0.042      5.048    0.214    0.214
    L_HEALT            0.049    0.045      1.081    0.049    0.049
    L_TEST32           1.539    0.110     13.946    0.731    0.731
    L_TEST33           0.301    0.165      1.826    0.128    0.128
    L_TEST34           0.034    0.215      0.156    0.011    0.011
    L_HEALT            0.128    0.045      2.824    0.128    0.128
    L_TEST32           0.059    0.148      0.399    0.028    0.028
    L_TEST33           1.694    0.113     14.945    0.721    0.721
    L_TEST34           0.421    0.231      1.823    0.144    0.144
    L_TEST32           0.049    0.161      0.301    0.023    0.023
    L_TEST33           0.358    0.179      2.002    0.152    0.152
    L_TEST34           2.211    0.209     10.572    0.757    0.757
    L_TEST33           0.543    0.248      2.188    0.110    0.110
    L_TEST34          -0.115    0.335     -0.342   -0.019   -0.019
    L_TEST34           0.472    0.398      1.186    0.069    0.069

    L_VARIE            0.000    0.000      0.000    0.000    0.000
    L_SECUR            0.000    0.000      0.000    0.000    0.000
    L_HEALT            0.000    0.000      0.000    0.000    0.000
    L_TEST32           7.244    0.156     46.360    3.443    3.443
    L_TEST33           7.530    0.200     37.721    3.204    3.204
    L_TEST34           3.299    0.197     16.709    1.129    1.129

    L_VARIE            0.583    0.072      8.088    1.000    1.000
    L_SECUR            0.407    0.050      8.141    1.000    1.000
    L_HEALT            0.224    0.062      3.587    1.000    1.000
    L_TEST32           6.115    0.656      9.323    1.000    1.000
    L_TEST33           6.461    0.833      7.757    1.000    1.000
    L_TEST34           7.645    1.109      6.895    1.000    1.000
    L_SECUR            0.044    0.022      2.042    0.091    0.091
    L_HEALT            0.024    0.017      1.385    0.066    0.066
    L_TEST32           1.331    0.158      8.431    0.705    0.705
    L_TEST33           0.373    0.144      2.600    0.192    0.192
    L_TEST34           0.057    0.151      0.379    0.027    0.027
    L_HEALT           -0.032    0.014     -2.252   -0.106   -0.106
    L_TEST32           0.203    0.109      1.862    0.129    0.129
    L_TEST33           0.569    0.120      4.746    0.351    0.351
    L_TEST34          -0.338    0.132     -2.572   -0.192   -0.192
    L_TEST32           0.164    0.100      1.633    0.140    0.140
    L_TEST33          -0.040    0.096     -0.416   -0.033   -0.033
    L_TEST34           0.891    0.168      5.287    0.681    0.681
    L_TEST33           1.336    0.413      3.232    0.213    0.213
    L_TEST34           0.501    0.433      1.159    0.073    0.073
    L_TEST34          -0.629    0.452     -1.392   -0.089   -0.089

    L_VARIE           -0.099    0.055     -1.790   -0.130   -0.130
    L_SECUR           -0.321    0.051     -6.332   -0.504   -0.504
    L_HEALT            0.573    0.079      7.207    1.211    1.211
    L_TEST32           7.033    0.216     32.549    2.844    2.844
    L_TEST33           6.404    0.189     33.887    2.519    2.519
    L_TEST34           3.911    0.194     20.189    1.414    1.414
