     2.412     2.055     3.379     3.022     3.207     2.381     2.687     2.312     3.467     1.000
     0.000     0.000     1.000     0.000     0.000     0.000     1.000     0.000     1.000     0.000
     0.000     0.000     0.000     1.000     1.000     0.000     0.000    -0.684     0.000     0.000
     0.000     1.000     0.000     0.000    -1.928     0.000     0.000     1.000     0.000     0.000
     0.000    -0.871     0.000     1.000     0.000     1.177     0.000     0.000     0.000     0.000
     1.000     0.000     2.053     0.000     0.000     0.000     1.000     0.000     0.000     1.303
     0.000     0.000     1.000     0.360     0.000     0.448     0.000     0.000     0.434     0.000
     0.000     0.000     0.689     0.000     0.000     0.000     0.000     0.258     0.000     0.000
     0.000     0.000     0.000     0.470     0.000     0.000     0.000     0.000     0.000     0.000
     0.680     0.000     0.000     0.000     0.000     0.000     0.000     0.000     0.468     0.000
     0.000     0.000     0.000     0.000     0.000     0.000     0.000     0.452     0.000     0.000
     0.000     0.000     0.000     0.000     0.000     0.000     0.000     0.000     0.000     0.000
     0.000     0.000     0.000     0.000     0.000     0.000     0.000     0.000     0.000     0.000
     0.000     0.000     0.000     0.000     0.000     0.000     0.000     0.000     0.000     0.000
     0.000     0.000     0.000     0.000     0.000     0.000     0.000     0.000     0.000     0.000
     0.545    -0.167     0.238     0.328    -0.253     0.790     0.000     0.000     0.000     0.059
     0.000     0.000     0.000     0.000     0.064     0.000     0.000     0.000     0.000     0.000
     0.061     2.518     1.912     3.046     2.589     3.110     2.318     2.677     2.200     3.148
     1.000     0.000     0.000     1.000     0.000     0.000     0.000     1.000     0.000     1.000
     0.000     0.000     0.000     0.000     1.000     1.000     0.000     0.000    -0.434     0.000
     0.000     0.000     1.000     0.000     0.000    -1.598     0.000     0.000     1.000     0.000
     0.000     0.000    -0.462     0.000     1.000     0.000     1.207     0.000     0.000     0.000
     0.000     1.000     0.000     1.288     0.000     0.000     0.000     1.000     0.000     0.000
     1.086     0.000     0.000     1.000     0.478     0.000     0.463     0.000     0.000     0.448
     0.000     0.000     0.000     0.888     0.000     0.000     0.000     0.000     0.688     0.000
     0.000     0.000     0.000     0.000     0.698     0.000     0.000     0.000     0.000     0.000
     0.000     0.477     0.000     0.000     0.000     0.000     0.000     0.000     0.000     0.799
     0.000     0.000     0.000     0.000     0.000     0.000     0.000     0.000     0.493     0.000
     0.000     0.000     0.000     0.000     0.000     0.000     0.000     0.000     0.000     0.000
     0.000     0.000     0.000     0.000     0.000     0.000     0.000     0.000     0.000     0.000
     0.000     0.000     0.000     0.000     0.000     0.000     0.000     0.000     0.000     0.000
     0.000     0.000     0.000     0.000     0.000     0.000     0.000     0.000     0.000     0.000
     0.000     0.599    -0.156     0.268     0.403    -0.287     1.042     0.000     0.000     0.000
     0.136     0.000     0.000     0.000     0.000     0.201     0.000     0.000     0.000     0.000
     0.000     0.071     2.750     2.018     3.474     2.797     3.211     2.248     2.860     2.194
     3.677     1.000     0.000     0.000     1.000     0.000     0.000     0.000     1.000     0.000
     1.000     0.000     0.000     0.000     0.000     1.000     1.000     0.000     0.000    -0.702
     0.000     0.000     0.000     1.000     0.000     0.000    -1.524     0.000     0.000     1.000
     0.000     0.000     0.000    -0.722     0.000     1.000     0.000     1.182     0.000     0.000
     0.000     0.000     1.000     0.000     1.646     0.000     0.000     0.000     1.000     0.000
     0.000     1.245     0.000     0.000     1.000     0.408     0.000     0.347     0.000     0.000
     0.366     0.000     0.000     0.000     0.701     0.000     0.000     0.000     0.000     0.369
     0.000     0.000     0.000     0.000     0.000     0.511     0.000     0.000     0.000     0.000
     0.000     0.000     0.526     0.000     0.000     0.000     0.000     0.000     0.000     0.000
     0.637     0.000     0.000     0.000     0.000     0.000     0.000     0.000     0.000     0.437
     0.000     0.000     0.000     0.000     0.000     0.000     0.000     0.000     0.000     0.000
     0.000     0.000     0.000     0.000     0.000     0.000     0.000     0.000     0.000     0.000
     0.000     0.000     0.000     0.000     0.000     0.000     0.000     0.000     0.000     0.000
     0.000     0.000     0.000     0.000     0.000     0.000     0.000     0.000     0.000     0.000
     0.000     0.000     0.741    -0.282     0.294     0.494    -0.358     0.902     0.000     0.000
     0.000     0.033     0.000     0.000     0.000     0.000     0.037     0.000     0.000     0.000
     0.000     0.000     0.073     2.495     1.758     3.098     3.027     3.612     2.440     2.659
     1.801     3.281     1.000     0.000     0.000     1.000     0.000     0.000     0.000     1.000
     0.000     1.000     0.000     0.000     0.000     0.000     1.000     1.000     0.000     0.000
    -0.600     0.000     0.000     0.000     1.000     0.000     0.000    -1.349     0.000     0.000
     1.000     0.000     0.000     0.000    -0.697     0.000     1.000     0.000     1.139     0.000
     0.000     0.000     0.000     1.000     0.000     1.348     0.000     0.000     0.000     1.000
     0.000     0.000     1.089     0.000     0.000     1.000     0.423     0.000     0.254     0.000
     0.000     0.503     0.000     0.000     0.000     0.703     0.000     0.000     0.000     0.000
     0.575     0.000     0.000     0.000     0.000     0.000     0.556     0.000     0.000     0.000
     0.000     0.000     0.000     0.545     0.000     0.000     0.000     0.000     0.000     0.000
     0.000     0.738     0.000     0.000     0.000     0.000     0.000     0.000     0.000     0.000
     0.853     0.000     0.000     0.000     0.000     0.000     0.000     0.000     0.000     0.000
     0.000     0.000     0.000     0.000     0.000     0.000     0.000     0.000     0.000     0.000
     0.000     0.000     0.000     0.000     0.000     0.000     0.000     0.000     0.000     0.000
     0.000     0.000     0.000     0.000     0.000     0.000     0.000     0.000     0.000     0.000
     0.000     0.000     0.000     0.433    -0.036     0.162     0.220    -0.127     0.791     0.000
     0.000     0.000     0.039     0.000     0.000     0.000     0.000     0.048     0.000     0.000
     0.000     0.000     0.000     0.064     2.808     2.068     2.790     2.978     3.205     2.731
     2.744     2.150     2.809     1.000     0.000     0.000     1.000     0.000     0.000     0.000
     1.000     0.000     1.000     0.000     0.000     0.000     0.000     1.000     1.000     0.000
     0.000    -0.733     0.000     0.000     0.000     1.000     0.000     0.000    -1.048     0.000
     0.000     1.000     0.000     0.000     0.000    -0.580     0.000     1.000     0.000     1.124
     0.000     0.000     0.000     0.000     1.000     0.000     1.308     0.000     0.000     0.000
     1.000     0.000     0.000     1.072     0.000     0.000     1.000     0.315     0.000     0.314
     0.000     0.000     0.377     0.000     0.000     0.000     0.506     0.000     0.000     0.000
     0.000     0.626     0.000     0.000     0.000     0.000     0.000     0.610     0.000     0.000
     0.000     0.000     0.000     0.000     0.310     0.000     0.000     0.000     0.000     0.000
     0.000     0.000     0.332     0.000     0.000     0.000     0.000     0.000     0.000     0.000
     0.000     0.461     0.000     0.000     0.000     0.000     0.000     0.000     0.000     0.000
     0.000     0.000     0.000     0.000     0.000     0.000     0.000     0.000     0.000     0.000
     0.000     0.000     0.000     0.000     0.000     0.000     0.000     0.000     0.000     0.000
     0.000     0.000     0.000     0.000     0.000     0.000     0.000     0.000     0.000     0.000
     0.000     0.000     0.000     0.000     1.013    -0.239     0.432     0.565    -0.329     1.149
     0.000     0.000     0.000     0.003     0.000     0.000     0.000     0.000     0.100     0.000
     0.000     0.000     0.000     0.000     0.023     2.859     1.811     3.466     2.744     3.377
     2.229     2.983     1.748     3.570     1.000     0.000     0.000     1.000     0.000     0.000
     0.000     1.000     0.000     1.000     0.000     0.000     0.000     0.000     1.000     1.000
     0.000     0.000    -0.410     0.000     0.000     0.000     1.000     0.000     0.000    -2.375
     0.000     0.000     1.000     0.000     0.000     0.000    -0.402     0.000     1.000     0.000
     1.191     0.000     0.000     0.000     0.000     1.000     0.000     2.121     0.000     0.000
     0.000     1.000     0.000     0.000     1.193     0.000     0.000     1.000     0.457     0.000
     0.382     0.000     0.000     0.396     0.000     0.000     0.000     0.843     0.000     0.000
     0.000     0.000     0.585     0.000     0.000     0.000     0.000     0.000     0.775     0.000
     0.000     0.000     0.000     0.000     0.000     0.689     0.000     0.000     0.000     0.000
     0.000     0.000     0.000     0.644     0.000     0.000     0.000     0.000     0.000     0.000
     0.000     0.000     0.841     0.000     0.000     0.000     0.000     0.000     0.000     0.000
     0.000     0.000     0.000     0.000     0.000     0.000     0.000     0.000     0.000     0.000
     0.000     0.000     0.000     0.000     0.000     0.000     0.000     0.000     0.000     0.000
     0.000     0.000     0.000     0.000     0.000     0.000     0.000     0.000     0.000     0.000
     0.000     0.000     0.000     0.000     0.000     0.604    -0.079     0.093     0.393    -0.143
     0.836     0.000     0.000     0.000     0.013     0.000     0.000     0.000     0.000     0.034
     0.000     0.000     0.000     0.000     0.000     0.026
