    L_DTRT             1.000    0.000      0.000    1.000    1.000
    L_DEQL             1.000    0.000      0.000    1.000    1.000
    L_DDIS             1.000    0.000      0.000    1.000    1.000
    L_TEST5            1.000    0.000      0.000    1.000    1.000
    L_TEST6            1.000    0.000      0.000    1.000    1.000
    L_TEST7            1.000    0.000      0.000    1.000    1.000
    L_DEQL            -0.143    0.027     -5.361   -0.143   -0.143
    L_DDIS            -0.055    0.028     -1.925   -0.055   -0.055
    L_TEST5            0.054    0.045      1.185    0.054    0.054
    L_TEST6           -0.157    0.047     -3.364   -0.157   -0.157
    L_TEST7           -0.107    0.048     -2.224   -0.107   -0.107
    L_DDIS             0.547    0.020     28.012    0.547    0.547
    L_TEST5           -0.129    0.046     -2.812   -0.129   -0.129
    L_TEST6            0.546    0.035     15.697    0.546    0.546
    L_TEST7            0.249    0.046      5.446    0.249    0.249
    L_TEST5           -0.122    0.044     -2.748   -0.122   -0.122
    L_TEST6            0.296    0.046      6.420    0.296    0.296
    L_TEST7            0.399    0.035     11.481    0.399    0.399
    L_TEST6           -0.014    0.037     -0.370   -0.014   -0.014
    L_TEST7            0.111    0.040      2.736    0.111    0.111
    L_TEST7            0.461    0.031     14.671    0.461    0.461

    L_DTRT             0.000    0.000      0.000    0.000    0.000
    L_DEQL             0.000    0.000      0.000    0.000    0.000
    L_DDIS             0.000    0.000      0.000    0.000    0.000
    L_TEST5            0.000    0.000      0.000    0.000    0.000
    L_TEST6            0.000    0.000      0.000    0.000    0.000
    L_TEST7            0.000    0.000      0.000    0.000    0.000


 
    L_DTRT             0.619    0.045     13.667    1.000    1.000
    L_DEQL             1.057    0.083     12.809    1.000    1.000
    L_DDIS             0.812    0.082      9.851    1.000    1.000
    L_TEST5            0.935    0.096      9.791    1.000    1.000
    L_TEST6            1.129    0.116      9.762    1.000    1.000
    L_TEST7            1.034    0.105      9.877    1.000    1.000
    L_DEQL            -0.187    0.023     -7.962   -0.231   -0.231
    L_DDIS            -0.127    0.020     -6.190   -0.179   -0.179
    L_TEST5            0.241    0.032      7.525    0.316    0.316
    L_TEST6           -0.211    0.041     -5.170   -0.253   -0.253
    L_TEST7           -0.216    0.039     -5.507   -0.270   -0.270
    L_DDIS             0.523    0.042     12.348    0.564    0.564
    L_TEST5           -0.083    0.042     -1.955   -0.083   -0.083
    L_TEST6            0.481    0.050      9.613    0.441    0.441
    L_TEST7            0.299    0.046      6.536    0.286    0.286
    L_TEST5           -0.076    0.035     -2.166   -0.087   -0.087
    L_TEST6            0.257    0.039      6.579    0.268    0.268
    L_TEST7            0.423    0.044      9.650    0.462    0.462
    L_TEST6           -0.094    0.038     -2.469   -0.091   -0.091
    L_TEST7           -0.100    0.037     -2.702   -0.102   -0.102
    L_TEST7            0.584    0.065      8.988    0.541    0.541

    L_DTRT            -0.214    0.037     -5.716   -0.273   -0.273
    L_DEQL            -0.517    0.045    -11.411   -0.503   -0.503
    L_DDIS            -0.313    0.041     -7.631   -0.347   -0.347
    L_TEST5            0.021    0.063      0.328    0.021    0.021
    L_TEST6           -0.296    0.067     -4.405   -0.278   -0.278
    L_TEST7           -0.113    0.065     -1.737   -0.111   -0.111
